2.460348687081550714e+06 6.544010000000000105e-01 9.900393000000000387e-03
2.460348687370300759e+06 6.571379000000000525e-01 9.880760000000000584e-03
2.460348687666990794e+06 6.678501000000000021e-01 9.863208999999999518e-03
2.460348687962789554e+06 6.525682000000000427e-01 9.867169999999999760e-03
2.460348688249421306e+06 6.624679999999999458e-01 9.804807999999999926e-03
2.460348688537951559e+06 6.771047000000000038e-01 9.875480000000000716e-03
2.460348688830277883e+06 6.717222000000000470e-01 9.869806000000000065e-03
2.460348689122499898e+06 6.713750000000000551e-01 9.889223000000000804e-03
2.460348689408553299e+06 6.729557999999999929e-01 9.869450000000000098e-03
2.460348689694895875e+06 6.670023999999999953e-01 9.854817999999999564e-03
2.460348689982615877e+06 6.810000999999999971e-01 9.852968000000000143e-03
2.460348690290983766e+06 6.810521000000000491e-01 9.862937999999999913e-03
2.460348690864120144e+06 6.700264000000000220e-01 9.868214999999999626e-03
2.460348691151666455e+06 6.560513000000000039e-01 9.880216000000000692e-03
2.460348691437951289e+06 6.829228999999999994e-01 9.862589999999999205e-03
2.460348691724259406e+06 6.800272000000000538e-01 9.861533000000000451e-03
2.460348692010567058e+06 6.540882999999999559e-01 9.897252999999999953e-03
2.460348692297106609e+06 6.465182999999999902e-01 9.883387999999999896e-03
2.460348694608483929e+06 6.513900999999999719e-01 9.858063000000000242e-03
2.460348694895775523e+06 6.550110000000000099e-01 9.860097999999999432e-03
2.460348695182164200e+06 6.560382000000000158e-01 9.868671000000000734e-03
2.460348695478321984e+06 6.640021999999999869e-01 9.851744000000000820e-03
2.460348695775381755e+06 6.522628999999999788e-01 9.858375000000000818e-03
2.460348696368055418e+06 6.523333000000000048e-01 9.867162999999999975e-03
2.460348696665659547e+06 6.447283999999999793e-01 9.841374999999999429e-03
2.460348696961446665e+06 6.525813000000000308e-01 9.837669999999999748e-03
2.460348697254884057e+06 6.656134000000000217e-01 1.018031999999999965e-02
2.460348697551770601e+06 6.603571000000000302e-01 9.891521000000000341e-03
2.460348697848645970e+06 6.449074000000000195e-01 9.861158000000000076e-03
2.460348698144988623e+06 6.596385000000000165e-01 9.881963000000000552e-03
2.460348698435891420e+06 6.571580000000000199e-01 9.873896999999999535e-03
2.460348698731145822e+06 6.755763999999999658e-01 9.887259000000000672e-03
2.460348699020972010e+06 6.628785000000000371e-01 9.867081999999999242e-03
2.460348699310555588e+06 6.506003000000000203e-01 9.894405000000000214e-03
2.460348699605763890e+06 6.546680000000000277e-01 9.883480000000000043e-03
2.460348699901215266e+06 6.813567000000000373e-01 9.890892999999999560e-03
2.460348700196817052e+06 6.487355999999999678e-01 9.866667000000000839e-03
2.460348700490891002e+06 6.591496999999999495e-01 9.873003999999999461e-03
2.460348700785983820e+06 6.483408000000000504e-01 9.920918000000000792e-03
2.460348701079606544e+06 6.716587000000000529e-01 9.891159000000000062e-03
2.460348701375162229e+06 6.619439999999999769e-01 9.901874999999999219e-03
2.460348701670301147e+06 6.447342999999999824e-01 9.920368000000000588e-03
2.460348701964895707e+06 6.773257000000000305e-01 9.887243999999999894e-03
2.460348702259132173e+06 6.642578000000000094e-01 9.900414999999999216e-03
2.460348702554432675e+06 6.426963999999999455e-01 9.894797999999999788e-03
2.460348702848923393e+06 6.661802999999999475e-01 9.940904999999999880e-03
2.460348703144154977e+06 6.486623000000000250e-01 9.884215999999999488e-03
2.460348703438287135e+06 6.764835999999999627e-01 9.858321999999999224e-03
2.460348703733414412e+06 6.818834000000000284e-01 9.888921999999999643e-03
2.460348704028333537e+06 6.657142000000000337e-01 9.927830999999999809e-03
2.460348704322603997e+06 6.495279999999999943e-01 9.876895999999999592e-03
2.460348704617025331e+06 6.605187999999999615e-01 9.886657999999999558e-03
2.460348704911585432e+06 6.680772999999999850e-01 9.873464000000000199e-03
2.460348705206018407e+06 6.745179999999999509e-01 9.917857000000000409e-03
2.460348705500196666e+06 6.690441999999999778e-01 9.872300000000000519e-03
2.460348705795671325e+06 6.580321000000000087e-01 9.920083999999999153e-03
2.460348706090486143e+06 6.731584999999999930e-01 9.923319999999999363e-03
2.460348706386145670e+06 6.726725000000000065e-01 9.909720000000000334e-03
2.460348706679872703e+06 6.629452000000000123e-01 9.889490000000000780e-03
2.460348706975208130e+06 6.583544999999999536e-01 9.884696000000000107e-03
2.460348707270486280e+06 6.723900999999999906e-01 9.906496000000000746e-03
2.460348707565463148e+06 6.604738999999999471e-01 9.906055000000000416e-03
2.460348707860069349e+06 6.651295999999999875e-01 9.895216999999999555e-03
2.460348708154571708e+06 6.717341999999999480e-01 9.870040999999999537e-03
2.460348708447951358e+06 6.529947000000000390e-01 9.887122999999999398e-03
2.460348708742592484e+06 6.624537999999999816e-01 9.883400000000000518e-03
2.460348709037488326e+06 6.654027000000000136e-01 9.859082999999999389e-03
2.460348709333275445e+06 6.586604000000000347e-01 9.862447999999999354e-03
2.460348709627337754e+06 6.741646999999999501e-01 9.871644000000000599e-03
2.460348709923576564e+06 6.640804000000000151e-01 9.860775000000000443e-03
2.460348710219467524e+06 6.728842000000000434e-01 9.858511999999999831e-03
2.460348710513819475e+06 6.574834999999999985e-01 9.883954000000000351e-03
2.460348710808286909e+06 6.680194000000000409e-01 9.869285999999999684e-03
2.460348711103055626e+06 6.555798000000000458e-01 9.900845999999999605e-03
2.460348711397997569e+06 6.877486999999999906e-01 9.846636000000000624e-03
2.460348711690752301e+06 6.535866000000000176e-01 9.880853999999999679e-03
2.460348711986597162e+06 6.780985999999999958e-01 9.885566000000000145e-03
2.460348712277847342e+06 6.707629000000000508e-01 9.906190000000000481e-03
2.460348712572500110e+06 6.749344000000000454e-01 1.006229999999999972e-02
2.460348712867303286e+06 6.598332000000000086e-01 9.880161000000000152e-03
2.460348715546516236e+06 6.501373000000000291e-01 9.822544000000000761e-03
2.460348715841666795e+06 6.240934999999999677e-01 9.840542000000000733e-03
2.460348716136516072e+06 6.511679999999999691e-01 9.842170000000000779e-03
2.460348716431701556e+06 6.524398000000000142e-01 9.868580000000000060e-03
2.460348716726203915e+06 6.440318000000000431e-01 9.844266000000000821e-03
2.460348717021296266e+06 6.445676000000000183e-01 9.847826999999999970e-03
2.460348717316203751e+06 6.429675000000000251e-01 9.814335999999999893e-03
2.460348717611250002e+06 6.515056999999999654e-01 9.842646999999999508e-03
2.460348717906608712e+06 6.394292999999999783e-01 9.859216999999999981e-03
2.460348718201342504e+06 6.493497999999999770e-01 9.836900000000000852e-03
2.460348718495960813e+06 6.469897999999999483e-01 9.821200000000000416e-03
2.460348718789861072e+06 6.481329000000000118e-01 9.849867999999999471e-03
2.460348719085451216e+06 6.401755999999999558e-01 9.849451000000000386e-03
2.460348719380694441e+06 6.329411999999999816e-01 9.864759000000000722e-03
2.460348719675868284e+06 6.403623999999999983e-01 9.854129999999999140e-03
2.460348719971238635e+06 6.448597999999999830e-01 9.840651000000000606e-03
2.460348720266354270e+06 6.487081999999999571e-01 9.856811999999999518e-03
2.460348720560949296e+06 6.599015999999999771e-01 9.861715000000000064e-03
2.460348720855358988e+06 6.298955000000000526e-01 9.845694000000000320e-03
2.460348721150324214e+06 6.483071999999999724e-01 9.844518000000000019e-03
2.460348721444271039e+06 6.475322000000000022e-01 9.862667999999999782e-03
2.460348721738761757e+06 6.621500000000000163e-01 9.828355000000000424e-03
2.460348722033877391e+06 6.574565999999999466e-01 9.857954000000000369e-03
2.460348722329050768e+06 6.584716000000000458e-01 9.855859999999999274e-03
2.460348722624085844e+06 6.397334999999999550e-01 9.852355000000000140e-03
2.460348722919861320e+06 6.482725000000000293e-01 9.909335999999999492e-03
2.460348723215173464e+06 6.453778999999999488e-01 9.867837000000000830e-03
2.460348723510509357e+06 6.335034000000000498e-01 9.865876000000000853e-03
2.460348723803275265e+06 6.412957000000000241e-01 9.890164999999999373e-03
2.460348724098715466e+06 6.657005999999999757e-01 9.860389000000000653e-03
2.460348724389814772e+06 6.383119999999999905e-01 9.869479999999999920e-03
2.460348724684328772e+06 6.471409999999999663e-01 9.861197000000000365e-03
2.460348724977963138e+06 6.434531999999999474e-01 9.841199000000000127e-03
2.460348725272812415e+06 6.478947000000000456e-01 9.849022000000000679e-03
2.460348725567094982e+06 6.393343000000000220e-01 9.842840000000000270e-03
2.460348725862222258e+06 6.652974000000000387e-01 9.844991000000000853e-03
2.460348726157129742e+06 6.771987999999999897e-01 9.835563999999999765e-03
2.460348726448726840e+06 6.566961999999999522e-01 9.874874000000000498e-03
2.460348726743611041e+06 6.522588000000000275e-01 9.846241000000000368e-03
2.460348727038449142e+06 6.585003000000000384e-01 9.874551000000000509e-03
2.460348727332789451e+06 6.702995000000000481e-01 9.895978999999999193e-03
2.460348727627847344e+06 6.439378000000000046e-01 9.882757000000000694e-03
2.460348727923379745e+06 6.697518999999999556e-01 9.884755000000000277e-03
2.460348728216874879e+06 6.617467999999999684e-01 9.906536999999999982e-03
2.460348728512245230e+06 6.616184999999999983e-01 9.859111000000000263e-03
2.460348728807361331e+06 6.655613000000000223e-01 9.898824000000000511e-03
2.460348729103078600e+06 6.629220000000000113e-01 9.905716000000000174e-03
2.460348729398588184e+06 6.603577999999999948e-01 9.858241000000000226e-03
2.460348729694131762e+06 6.652097000000000149e-01 9.870844000000000146e-03
2.460348729988356587e+06 6.507614000000000454e-01 9.866880999999999222e-03
2.460348730283773039e+06 6.569220000000000059e-01 9.876786999999999719e-03
2.460348730577592738e+06 6.628935000000000244e-01 9.882831999999999381e-03
2.460348730873773340e+06 6.654883999999999800e-01 9.895024000000000527e-03
2.460348731168345083e+06 6.559350999999999932e-01 9.926413999999999724e-03
2.460348731464016251e+06 6.515250000000000208e-01 1.000320000000000029e-02
2.460348731757823844e+06 6.758545999999999720e-01 9.921264000000000818e-03
2.460348732053703628e+06 6.576317999999999886e-01 9.875006999999999882e-03
2.460348732347777579e+06 6.375790999999999542e-01 9.909199999999999953e-03
2.460348732643553056e+06 6.409496000000000082e-01 9.895588000000000301e-03
2.460348734672847204e+06 6.371504999999999530e-01 9.909262000000000278e-03
2.460348734968286939e+06 6.295018000000000002e-01 9.906780999999999920e-03
2.460348735261990689e+06 6.369683999999999902e-01 9.892777999999999641e-03
2.460348735557268374e+06 6.413972000000000007e-01 9.893179000000000209e-03
2.460348735851527657e+06 6.193311999999999706e-01 9.892404999999999948e-03
2.460348736145786941e+06 6.194442999999999477e-01 9.880378000000000424e-03
2.460348736441157293e+06 6.294043999999999750e-01 9.899085999999999649e-03
2.460348736736967694e+06 6.199145999999999823e-01 9.896310000000000176e-03
2.460348737032106612e+06 6.331362000000000378e-01 9.923249999999999779e-03
2.460348737327164505e+06 6.277757000000000476e-01 9.916035000000000127e-03
2.460348737622060347e+06 6.312999999999999723e-01 9.894398000000000429e-03
2.460348737916342448e+06 6.351565000000000127e-01 9.912643000000000496e-03
2.460348738211377524e+06 6.166975999999999569e-01 9.901119999999999366e-03
2.460348738505231682e+06 6.368361999999999634e-01 9.918028000000000607e-03
2.460348738800335675e+06 6.517085999999999713e-01 9.933948999999999210e-03
2.460348739095648285e+06 6.568794000000000022e-01 9.901781000000000124e-03
2.460348739391192328e+06 6.266844000000000303e-01 9.912370000000000209e-03
2.460348739684872795e+06 6.503446999999999978e-01 9.916981999999999534e-03
2.460348739978992846e+06 6.257154000000000327e-01 9.915296000000000526e-03
2.460348740273854230e+06 6.314663000000000359e-01 9.949233999999999509e-03
2.460348740568680689e+06 6.388129000000000168e-01 9.906840999999999564e-03
2.460348740863761399e+06 6.369010999999999978e-01 9.982098000000000013e-03
2.460348741154918913e+06 6.334218000000000348e-01 9.936834000000000292e-03
2.460348741449213121e+06 6.574090000000000211e-01 9.911402999999999186e-03
2.460348741740740836e+06 6.449762999999999469e-01 9.977546999999999805e-03
2.460348742035520729e+06 6.518502999999999936e-01 9.983762000000000192e-03
2.460348742330763955e+06 6.450234999999999719e-01 9.977143000000000816e-03
2.460348742624849547e+06 6.403233000000000397e-01 9.947126000000000579e-03
2.460348742920127232e+06 6.474632999999999639e-01 9.984530999999999615e-03
2.460348743215092458e+06 6.473851999999999940e-01 9.980417999999999581e-03
2.460348743507036939e+06 6.510763000000000522e-01 1.000587000000000004e-02
2.460348743801353965e+06 6.570048000000000554e-01 9.991145999999999361e-03
2.460348744096816983e+06 6.490546000000000371e-01 9.957570000000000657e-03
2.460348744392418768e+06 6.346104000000000189e-01 9.953576000000000437e-03
2.460348744687141385e+06 6.295943000000000511e-01 9.943818000000000101e-03
2.460348744982858654e+06 6.360664000000000318e-01 9.962560999999999986e-03
2.460348745276909787e+06 6.419367000000000267e-01 9.965521999999999228e-03
2.460348745569895953e+06 6.329898999999999942e-01 9.997749000000000219e-03
2.460348745863252319e+06 6.323218000000000449e-01 9.977031000000000788e-03
2.460348746158911847e+06 6.352012999999999687e-01 9.961708999999999148e-03
2.460348746453599539e+06 6.450527999999999818e-01 9.986491999999999591e-03
2.460348746749085840e+06 6.522675000000000001e-01 9.968752000000000862e-03
2.460348747043703683e+06 6.544839999999999547e-01 9.961230999999999211e-03
2.460348747338368092e+06 6.563267000000000406e-01 9.974501999999999674e-03
2.460348747632534709e+06 6.375408000000000186e-01 9.992915999999999258e-03
2.460348747927349526e+06 6.484716999999999842e-01 1.002837999999999993e-02
2.460348748221701477e+06 6.448469000000000007e-01 9.964468000000000630e-03
2.460348748517361004e+06 6.520538999999999641e-01 1.000644000000000013e-02
2.460348748813495506e+06 6.320052000000000447e-01 1.000902000000000042e-02
2.460348749108252116e+06 6.329392000000000351e-01 9.989886999999999379e-03
2.460348749403321650e+06 6.458049000000000150e-01 9.999977999999999645e-03
2.460348749697418883e+06 6.446870999999999574e-01 1.000729000000000028e-02
2.460348749992442317e+06 6.450255999999999768e-01 9.984998999999999611e-03
2.460348750286933035e+06 6.610947000000000351e-01 9.993152999999999411e-03
2.460348750582337845e+06 6.634018000000000415e-01 9.970823000000000186e-03
2.460348750876990613e+06 6.596708000000000016e-01 9.993916000000000258e-03
2.460348751173101831e+06 6.516425999999999608e-01 9.988388000000000821e-03
2.460348751467106398e+06 6.497697000000000056e-01 9.946316000000000185e-03
2.460348751761516090e+06 6.538956999999999686e-01 1.000314000000000064e-02
2.460348752056261525e+06 6.499768000000000212e-01 1.000897000000000071e-02
2.460348752351435367e+06 6.366745000000000321e-01 9.983851999999999657e-03
2.460348752646747511e+06 6.350987000000000160e-01 1.000067999999999964e-02
2.460348753970983904e+06 5.800857000000000374e-01 1.023751000000000001e-02
2.460348754265092779e+06 6.391738999999999615e-01 1.001557999999999962e-02
2.460348754560220055e+06 6.300417999999999852e-01 1.001498999999999966e-02
2.460348754854849540e+06 6.232910000000000394e-01 1.002595000000000049e-02
2.460348755149305332e+06 6.369084999999999885e-01 1.000197000000000065e-02
2.460348755444722250e+06 6.090476999999999697e-01 1.002626000000000038e-02
2.460348755740648136e+06 6.152402000000000148e-01 1.005601000000000064e-02
2.460348756035358645e+06 6.234800999999999815e-01 1.005559999999999961e-02
2.460348756329919212e+06 6.242159999999999931e-01 1.006780000000000001e-02
2.460348756624120288e+06 6.234617999999999549e-01 1.005197000000000035e-02
2.460348756919375155e+06 6.401852999999999572e-01 1.003548999999999934e-02
2.460348757214803249e+06 6.311757999999999535e-01 1.011434999999999938e-02
2.460348757510300726e+06 6.393035000000000245e-01 1.030946999999999940e-02
2.460348757806180511e+06 5.251744000000000412e-01 1.053475000000000071e-02
2.460348758100451436e+06 6.110383999999999816e-01 1.018927000000000027e-02
2.460348758395879529e+06 6.116409999999999902e-01 1.037455999999999968e-02
2.460348758691446856e+06 5.187446000000000002e-01 1.059114000000000062e-02
2.460348758987083565e+06 5.303605000000000125e-01 1.056973999999999934e-02
2.460348759281296283e+06 4.418159999999999865e-01 1.092457999999999971e-02
2.460348759577233810e+06 1.117168999999999940e-01 1.297455999999999957e-02
2.460348760166365653e+06 1.525777000000000105e-01 1.309720999999999975e-02
2.460348760461342521e+06 1.152108000000000021e-01 1.335430999999999944e-02
2.460348760756296106e+06 1.531558000000000086e-01 1.285124999999999983e-02
2.460348761050995439e+06 6.891563000000000550e-02 1.373697999999999933e-02
2.460348761632372625e+06 9.674990999999999453e-02 1.367306000000000077e-02
2.460348761926238425e+06 3.338500999999999830e-01 1.208334999999999965e-02
2.460348762220705859e+06 9.859829000000000510e-02 1.364363000000000034e-02
2.460348762516053393e+06 1.211162999999999962e-01 1.355820999999999936e-02
2.460348762811203487e+06 1.360563999999999940e-01 1.331632999999999949e-02
2.460348763106956147e+06 2.789757999999999960e-01 1.186307999999999981e-02
2.460348763401446864e+06 4.242130000000000067e-01 1.109417000000000042e-02
2.460348763696273323e+06 2.149739999999999984e-01 1.224875999999999916e-02
2.460348763990845066e+06 3.871260000000000256e-01 1.139428999999999963e-02
2.460348764285358600e+06 2.628594000000000208e-01 1.204326000000000008e-02
2.460348764580868185e+06 1.142653000000000002e-01 1.334082999999999970e-02
2.460348764875277877e+06 1.047321999999999975e-01 1.374934000000000052e-02
2.460348765170011669e+06 1.042412999999999951e-01 1.353234000000000034e-02
2.460348765464733820e+06 9.799573000000000311e-02 1.396206000000000010e-02
2.460348766265463084e+06 1.302995000000000125e-01 1.631105999999999875e-02
2.460348766676562373e+06 1.429267999999999927e-01 1.620672999999999905e-02
2.460348767498090398e+06 3.808483999999999758e-01 1.438184999999999984e-02
2.460348767908275593e+06 5.682483999999999869e-01 1.353824000000000000e-02
2.460348768729941919e+06 2.954274000000000067e-01 1.525037999999999914e-02
2.460348769547766075e+06 2.378473000000000115e-01 1.614155000000000104e-02
2.460348769958229270e+06 9.623822999999999406e-02 1.686400999999999872e-02
2.460348770779074170e+06 2.068317000000000072e-01 1.689618000000000023e-02
2.460348771599988453e+06 1.000000000000000021e-03 1.000000000000000021e-03
2.460348774475023150e+06 9.456686000000000258e-02 1.734246999999999872e-02
2.460348774886365514e+06 2.795169000000000126e-02 1.792434999999999862e-02
2.460348775298032444e+06 5.113351000000000007e-02 1.704933999999999963e-02
2.460348775708425790e+06 1.000000000000000021e-03 1.000000000000000021e-03
2.460348776529965457e+06 6.741503999999999552e-02 1.710793000000000036e-02
2.460348777760717552e+06 5.872379999999999961e-02 1.781214999999999882e-02
2.460348783047905192e+06 1.000000000000000021e-03 1.000000000000000021e-03
2.460348787973842584e+06 1.000000000000000021e-03 1.000000000000000021e-03
2.460348788384930696e+06 2.039250999999999980e-01 1.779557000000000014e-02
2.460348788796226960e+06 6.342206000000000232e-02 1.869267999999999971e-02
2.460348794545023236e+06 5.850005999999999956e-02 2.006250000000000047e-02
2.460348795778587926e+06 1.108140999999999987e-01 1.845155000000000059e-02
2.460348796188889071e+06 8.400241999999999432e-02 1.892852000000000076e-02
2.460348797420289367e+06 6.329310000000000491e-02 1.968026000000000150e-02
2.460348797831516247e+06 1.047837999999999964e-01 1.649047999999999833e-02
2.460348798651111312e+06 2.654372999999999871e-01 1.621857000000000160e-02
2.460348799202858936e+06 3.197034999999999738e-01 1.526693999999999968e-02
2.460348800024282187e+06 2.296973999999999960e-01 1.608561999999999839e-02
2.460348800584270619e+06 2.399265999999999899e-01 1.575723000000000054e-02
2.460348800993935205e+06 1.467537999999999898e-01 1.634754000000000068e-02
2.460348801404085476e+06 1.664025000000000087e-01 1.631681000000000104e-02
2.460348801814861130e+06 5.615059000000000022e-01 1.392771999999999934e-02
2.460348802225231659e+06 5.553405000000000147e-01 1.360755999999999945e-02
2.460348802636469714e+06 5.862568999999999697e-01 1.380344000000000015e-02
2.460348803047094960e+06 8.697451999999999961e-01 1.262376999999999944e-02
2.460348803457824048e+06 6.888769000000000142e-01 1.315361999999999955e-02
2.460348803868078627e+06 7.141809000000000074e-01 1.318010000000000015e-02
2.460348804279884323e+06 5.113488000000000477e-01 1.400433000000000060e-02
2.460348804690810386e+06 3.300203999999999915e-01 1.543166999999999976e-02
2.460348805101770908e+06 7.680444999999999633e-02 1.773595000000000033e-02
2.460348806745544076e+06 1.961489999999999900e-01 1.771889000000000103e-02
2.460348807157176081e+06 1.177575000000000011e-01 1.725950999999999874e-02
2.460348807975671254e+06 1.139547999999999950e-01 1.694363999999999940e-02
2.460348808386771008e+06 1.069900000000000018e-01 1.726948999999999845e-02
2.460348809207951184e+06 1.121703000000000006e-01 1.684131000000000170e-02
2.460348810440578498e+06 1.239467000000000069e-01 1.813649000000000164e-02
2.460348810849478934e+06 1.976291000000000020e-01 1.660593999999999959e-02
2.460348811260648072e+06 8.784068999999999905e-02 1.703276000000000096e-02
2.460348811671817210e+06 1.000000000000000021e-03 1.000000000000000021e-03
2.460348812083263882e+06 6.642272000000000454e-02 1.754438999999999999e-02
2.460348812493946869e+06 9.673600000000000254e-02 1.711974000000000135e-02
2.460348812903518323e+06 1.282756999999999925e-01 1.689467000000000052e-02
2.460348813313611317e+06 1.079776999999999959e-01 1.726232999999999934e-02
2.460348813724259380e+06 7.562243999999999911e-02 1.713643999999999931e-02
2.460348814547349699e+06 5.553278999999999854e-02 1.766057000000000043e-02
2.460348815170358866e+06 1.947175999999999907e-01 1.684572999999999973e-02
2.460348815992708318e+06 4.541802999999999813e-01 1.413499000000000005e-02
2.460348816814213060e+06 4.319665000000000310e-02 1.695529999999999954e-02
2.460348817225578707e+06 1.813699000000000006e-01 1.633862999999999982e-02
2.460348817635404877e+06 3.836343999999999865e-01 1.375414999999999971e-02
2.460348818456828594e+06 3.924548999999999954e-01 1.636226000000000000e-02
2.460348819690347183e+06 1.206868999999999997e-01 1.670641000000000140e-02
2.460348820100381970e+06 1.412862000000000007e-01 1.657932999999999976e-02
2.460348821813541465e+06 4.714904999999999791e-02 1.757248999999999964e-02
2.460348822224733885e+06 1.031429999999999986e-01 1.769565000000000027e-02
2.460348823046573903e+06 1.923321000000000058e-01 1.706674000000000038e-02
2.460348824682106264e+06 1.000000000000000021e-03 1.000000000000000021e-03
2.460348825092974585e+06 1.109503000000000052e-02 1.846253999999999951e-02
2.460348826736099552e+06 7.726938999999999336e-02 1.769814999999999930e-02
2.460348827146296389e+06 1.000000000000000021e-03 1.000000000000000021e-03
2.460348827557731420e+06 2.784048000000000078e-01 1.613200999999999871e-02
2.460348828377638943e+06 1.000000000000000021e-03 1.000000000000000021e-03
2.460348829606990796e+06 1.000000000000000021e-03 1.000000000000000021e-03
2.460348830017581116e+06 1.767316999999999916e-01 1.633541000000000160e-02
2.460348831249166746e+06 3.684007999999999727e-02 1.771889999999999923e-02
2.460348831659432966e+06 1.000000000000000021e-03 1.000000000000000021e-03
2.460348832070115954e+06 5.715923000000000531e-01 1.433599999999999978e-02
2.460348832478275523e+06 1.613177000000000083e-01 1.599551999999999918e-02
2.460348833300381899e+06 3.559767999999999821e-01 1.511726000000000042e-02
2.460348833711481653e+06 1.893085999999999935e-01 1.563294000000000142e-02
2.460348834121620283e+06 4.328558000000000128e-01 1.506907000000000038e-02
2.460348834531863220e+06 3.460161999999999960e-01 1.503261000000000007e-02
2.460348835352997761e+06 5.086994999999999711e-01 1.437832999999999993e-02
2.460348835764791816e+06 6.769268999999999981e-02 1.677655000000000118e-02
2.460348836173356511e+06 3.391079000000000176e-01 1.578206000000000053e-02
2.460348836584247649e+06 4.073590999999999740e-01 1.493830999999999978e-02
2.460348836995381862e+06 2.835797999999999930e-01 1.544748999999999949e-02
2.460348837406701408e+06 2.169978999999999936e-01 1.579561000000000159e-02
2.460348837810879573e+06 3.578647999999999829e-01 1.490942999999999956e-02
2.460348838221331127e+06 5.738083000000000489e-01 1.387101999999999953e-02
2.460348839536828920e+06 2.701125999999999805e-01 1.523909000000000027e-02
2.460348839948090259e+06 4.232644999999999880e-01 1.467866999999999957e-02
2.460348840769154951e+06 2.541688999999999754e-01 1.546051000000000022e-02
2.460348841590694617e+06 8.071213000000000415e-01 1.305558000000000066e-02
2.460348842001400422e+06 8.566802000000000028e-01 1.262280999999999993e-02
2.460348842410451267e+06 9.120000999999999802e-01 1.246581000000000078e-02
2.460348842821157537e+06 8.713625999999999872e-01 1.259253999999999929e-02
2.460348843231111299e+06 7.626222000000000278e-01 1.301457999999999955e-02
2.460348843642257154e+06 6.788804000000000505e-01 1.337484000000000069e-02
2.460348844053657260e+06 4.861262000000000083e-01 1.402148999999999930e-02
2.460348844465706032e+06 9.085239000000000509e-01 1.238718999999999931e-02
2.460348844876099378e+06 9.039656999999999831e-01 1.241127000000000029e-02
2.460348845278101973e+06 8.850057999999999536e-01 1.240340000000000019e-02
2.460348845689155161e+06 9.116210000000000147e-01 1.231639999999999992e-02
2.460348846100728959e+06 8.957241000000000231e-01 1.232016000000000014e-02
2.460348846511296462e+06 9.043989000000000056e-01 1.230095999999999967e-02
2.460348846921990626e+06 9.087188999999999961e-01 1.233486999999999952e-02
2.460348847332245205e+06 9.078783000000000269e-01 1.228400999999999972e-02
2.460348847743333317e+06 8.884438999999999531e-01 1.231062999999999949e-02
2.460348848153553437e+06 9.113196000000000074e-01 1.234132999999999931e-02
2.460348848563981708e+06 9.058585999999999583e-01 1.232740000000000051e-02
2.460348848974270746e+06 9.093605000000000160e-01 1.232735000000000081e-02
2.460348849385463167e+06 8.936954999999999760e-01 1.235786999999999997e-02
2.460348849796018563e+06 9.111466000000000287e-01 1.239923000000000067e-02
2.460348850206863601e+06 8.956191999999999487e-01 1.236028999999999947e-02
2.460348850609479006e+06 9.003873000000000015e-01 1.237850000000000061e-02
2.460348851017326582e+06 9.301861999999999631e-01 1.237738000000000033e-02
2.460348851427662186e+06 9.056410999999999767e-01 1.237236000000000065e-02
2.460348851838587783e+06 9.016321999999999948e-01 1.238048999999999920e-02
2.460348852249594871e+06 8.972852999999999524e-01 1.235031999999999970e-02
2.460348852661307901e+06 8.993438000000000265e-01 1.235329999999999935e-02
2.460348853070219979e+06 9.112274999999999681e-01 1.242441000000000031e-02
2.460348853479907382e+06 8.956798999999999733e-01 1.237439000000000074e-02
2.460348853889629710e+06 9.200922999999999741e-01 1.240150999999999927e-02
2.460348854301261716e+06 9.137389999999999679e-01 1.244492999999999988e-02