8.077735999999999805e-01 9.488095999999999683e-03
7.929475000000000273e-01 9.469935999999999979e-03
8.123023000000000327e-01 9.455619999999999650e-03
8.005364999999999842e-01 9.458506000000000205e-03
8.075347999999999971e-01 9.400106999999999560e-03
8.291212000000000026e-01 9.472569000000000128e-03
7.998461999999999517e-01 9.466995000000000618e-03
8.053287000000000084e-01 9.492415000000000574e-03
8.077031000000000072e-01 9.452214000000000449e-03
8.226630999999999805e-01 9.449974999999999348e-03
8.125029999999999752e-01 9.452876000000000681e-03
8.175681000000000198e-01 9.457826000000000774e-03
8.026638999999999857e-01 9.476590999999999487e-03
8.069285000000000485e-01 9.462609999999999771e-03
8.183814000000000366e-01 9.474385000000000098e-03
7.930405999999999844e-01 9.452613999999999808e-03
8.200165999999999844e-01 9.459818000000000046e-03
8.190431999999999713e-01 9.487469000000000111e-03
8.039581999999999562e-01 9.478373000000000007e-03
8.067891999999999841e-01 9.455384000000000705e-03
8.146417000000000241e-01 9.445438999999999918e-03
7.962759999999999838e-01 9.456592999999999249e-03
8.202488000000000001e-01 9.442571000000000297e-03
7.952000000000000179e-01 9.439383000000000842e-03
7.938237000000000210e-01 9.415009999999999699e-03
8.127366000000000312e-01 9.463627000000000497e-03
7.950745000000000173e-01 9.451025000000000051e-03
7.961388000000000353e-01 9.432753999999999792e-03
7.774208000000000229e-01 9.755355999999999750e-03
7.995295000000000041e-01 9.480146000000000059e-03
7.957262000000000501e-01 9.458255999999999955e-03
7.964727999999999808e-01 9.467457999999999776e-03
8.097005000000000452e-01 9.461027000000000325e-03
8.195571999999999857e-01 9.472233999999999515e-03
8.180988999999999622e-01 9.461657000000000053e-03
8.003057999999999561e-01 9.489901000000000239e-03
7.974512999999999741e-01 9.469781999999999506e-03
8.140456000000000358e-01 9.477295999999999637e-03
8.105221999999999705e-01 9.457289000000000667e-03
8.142930000000000446e-01 9.471706999999999349e-03
8.029473000000000305e-01 9.501793999999999171e-03
8.115963000000000482e-01 9.492851000000000067e-03
8.287835000000000063e-01 9.495974000000000775e-03
8.178798000000000457e-01 9.517704000000000095e-03
8.187851000000000434e-01 9.478000000000000314e-03
8.249946999999999697e-01 9.484967999999999871e-03
8.245006000000000279e-01 9.495646999999999421e-03
8.116027999999999576e-01 9.519603999999999219e-03
8.105736999999999526e-01 9.470175000000000815e-03
8.147033000000000191e-01 9.454739999999999672e-03
8.145972000000000213e-01 9.477599999999999220e-03
8.018826999999999483e-01 9.517598999999999851e-03
7.979456000000000326e-01 9.473461000000000728e-03
7.968338999999999839e-01 9.479200000000000126e-03
8.019697000000000076e-01 9.469526000000000679e-03
8.085276999999999603e-01 9.504032000000000799e-03
8.240132000000000012e-01 9.468458000000000777e-03
8.189001999999999670e-01 9.509157000000000720e-03
8.210182999999999787e-01 9.504577999999999638e-03
8.125263999999999820e-01 9.503426000000000581e-03
8.198817000000000466e-01 9.479444999999999538e-03
8.262977999999999712e-01 9.479160999999999837e-03
8.042449999999999877e-01 9.501406000000000435e-03
8.092167000000000110e-01 9.491931999999999800e-03
8.040492999999999668e-01 9.486970000000000819e-03
8.206999000000000377e-01 9.455119999999999150e-03
7.863356999999999708e-01 9.481929000000000052e-03
8.105584999999999596e-01 9.472434000000000062e-03
8.235166999999999904e-01 9.455536000000000496e-03
8.000504999999999978e-01 9.451790999999999318e-03
8.106254000000000515e-01 9.456756000000000190e-03
8.063219000000000358e-01 9.452831000000000081e-03
7.970979000000000259e-01 9.464177000000000700e-03
8.396784999999999943e-01 9.474609999999999629e-03
8.222192000000000389e-01 9.469820000000000321e-03
8.147541000000000366e-01 9.486168999999999157e-03
8.006710999999999689e-01 9.444792000000000465e-03
8.244183999999999957e-01 9.478392999999999888e-03
7.966708000000000123e-01 9.480663000000000284e-03
8.027210000000000178e-01 9.490424000000000776e-03
8.203821000000000030e-01 9.640683000000000585e-03
8.135476999999999848e-01 9.473014000000000087e-03
7.838787000000000393e-01 9.412303999999999810e-03
7.935919000000000167e-01 9.426669999999999841e-03
7.715366000000000168e-01 9.439832999999999905e-03
7.793493000000000226e-01 9.458532000000000398e-03
7.923031999999999853e-01 9.434177999999999661e-03
7.952852999999999728e-01 9.432983000000000687e-03
7.831755999999999718e-01 9.416979000000000669e-03
7.918091999999999908e-01 9.426999000000000142e-03
7.907767999999999464e-01 9.449423000000000197e-03
7.773016000000000369e-01 9.427044000000000742e-03
7.955672999999999773e-01 9.416271999999999837e-03
7.840399999999999592e-01 9.436214000000000060e-03
7.941051999999999556e-01 9.445867999999999626e-03
7.951808999999999683e-01 9.451378999999999336e-03
7.775286000000000142e-01 9.443105000000000249e-03
7.972666999999999948e-01 9.432259999999999603e-03
7.955398000000000192e-01 9.435583000000000858e-03
8.054137000000000102e-01 9.447785000000000211e-03
7.844385000000000385e-01 9.431919000000000414e-03
7.805771999999999711e-01 9.443750000000000755e-03
7.764448000000000460e-01 9.450725000000000098e-03
7.806807000000000052e-01 9.425410000000000385e-03
7.865811999999999804e-01 9.451341999999999730e-03
7.884465000000000501e-01 9.454117999999999203e-03
7.791242000000000445e-01 9.446734999999999507e-03
7.979806999999999872e-01 9.497340999999999422e-03
7.630196999999999674e-01 9.456554000000000695e-03
7.921466999999999814e-01 9.464079999999999715e-03
7.872240000000000348e-01 9.486391000000000268e-03
7.971599999999999797e-01 9.452922000000000755e-03
8.054786000000000445e-01 9.469211999999999421e-03
8.043671999999999489e-01 9.445122000000000240e-03
7.961200000000000498e-01 9.433917999999999471e-03
7.906311000000000311e-01 9.450534000000000018e-03
7.908695000000000030e-01 9.430053000000000740e-03
7.708869999999999889e-01 9.438906000000000379e-03
7.777444999999999498e-01 9.440953999999999666e-03
7.832609000000000377e-01 9.469197999999999851e-03
7.857269999999999532e-01 9.446243999999999474e-03
7.907530999999999866e-01 9.465104000000000226e-03
7.905967000000000411e-01 9.479545000000000679e-03
8.037737999999999827e-01 9.472506999999999802e-03
7.795362000000000124e-01 9.475713000000000191e-03
7.920736999999999917e-01 9.494769000000000125e-03
7.853947000000000012e-01 9.449986000000000497e-03
7.922131000000000034e-01 9.486365999999999549e-03
7.811865000000000059e-01 9.491404999999999634e-03
8.003514999999999935e-01 9.450329000000000368e-03
7.899570000000000203e-01 9.474031000000000813e-03
8.082454999999999501e-01 9.468110000000000068e-03
7.905292999999999903e-01 9.473986000000000213e-03
7.914889000000000507e-01 9.485245999999999261e-03
7.863179000000000141e-01 9.482087999999999628e-03
7.953748000000000484e-01 9.519888000000000655e-03
7.996364000000000249e-01 9.597678999999999586e-03
8.264806999999999571e-01 9.513766999999999363e-03
7.911831999999999754e-01 9.469860000000000083e-03
8.238834999999999908e-01 9.500035999999999897e-03
8.131720000000000059e-01 9.499920000000000239e-03
7.898830000000000018e-01 9.505939999999999182e-03
7.852845000000000519e-01 9.491872999999999630e-03
8.039165999999999812e-01 9.486315000000000372e-03
7.897286999999999502e-01 9.490459999999999174e-03
7.588278999999999996e-01 9.486153000000000640e-03
7.840015000000000178e-01 9.481699999999999157e-03
7.716503999999999586e-01 9.492122999999999880e-03
7.822890000000000121e-01 9.490623999999999588e-03
7.771150000000000002e-01 9.515644999999999659e-03
7.922677999999999665e-01 9.503365999999999203e-03
7.958914000000000266e-01 9.482480999999999202e-03
7.960011999999999643e-01 9.502932999999999866e-03
7.831624999999999837e-01 9.488643999999999204e-03
7.778677000000000508e-01 9.511049000000000586e-03
7.961846000000000201e-01 9.513735000000000594e-03
7.846775999999999751e-01 9.486011000000000790e-03
7.941525999999999863e-01 9.500233000000000289e-03
7.832152999999999476e-01 9.511392999999999931e-03
8.038252000000000175e-01 9.508157999999999194e-03
7.917182000000000386e-01 9.546750999999999154e-03
8.171245999999999787e-01 9.490172999999999318e-03
8.191135999999999973e-01 9.562881000000000506e-03
7.844824999999999715e-01 9.525149999999999589e-03
7.873915999999999693e-01 9.502732999999999319e-03
7.857553000000000454e-01 9.565914000000000014e-03
8.075672000000000406e-01 9.563210000000000807e-03
7.887043000000000248e-01 9.573079999999999437e-03
7.796336999999999851e-01 9.538546999999999651e-03
7.865836999999999968e-01 9.562746000000000440e-03
7.905303000000000191e-01 9.571270999999999252e-03
7.860352000000000450e-01 9.573645000000000418e-03
8.178950000000000387e-01 9.578240000000000018e-03
7.919338999999999684e-01 9.548732000000000747e-03
7.954407000000000005e-01 9.544268999999999323e-03
8.026088999999999585e-01 9.534242000000000064e-03
7.801554000000000544e-01 9.549571999999999228e-03
7.903761000000000259e-01 9.555506999999999543e-03
7.761603999999999726e-01 9.598159999999999678e-03
7.941799000000000497e-01 9.556369999999999795e-03
7.960462999999999845e-01 9.553659000000000803e-03
7.824062000000000516e-01 9.570811000000000249e-03
7.651752000000000553e-01 9.554501999999999440e-03
8.094470999999999750e-01 9.555607000000000684e-03
7.832200999999999746e-01 9.554122999999999435e-03
7.734465000000000368e-01 9.571104999999999891e-03
7.922434000000000420e-01 9.614645999999999262e-03
7.972822000000000520e-01 9.558455000000000423e-03
7.950669999999999682e-01 9.588512999999999897e-03
7.912297000000000358e-01 9.602467999999999421e-03
8.134862000000000481e-01 9.572752000000000344e-03
8.038284999999999458e-01 9.593308999999999517e-03
7.962591999999999448e-01 9.593925999999999149e-03
8.057796000000000403e-01 9.569766999999999857e-03
7.945322999999999691e-01 9.581341999999999637e-03
7.849144000000000121e-01 9.566194999999999560e-03
8.047893000000000407e-01 9.575376999999999500e-03
7.902169999999999472e-01 9.574404999999999374e-03
7.870852999999999877e-01 9.541267000000000845e-03
7.964812999999999477e-01 9.582728999999999900e-03
7.959437000000000317e-01 9.588533999999999252e-03
8.012415999999999983e-01 9.574558999999999848e-03
7.982934000000000418e-01 9.577524000000000454e-03
7.581539999999999946e-01 9.811827999999999869e-03
7.795511000000000523e-01 9.604723000000000774e-03
7.975254999999999983e-01 9.602581000000000658e-03
7.839359999999999662e-01 9.612502000000000199e-03
7.746517000000000541e-01 9.602664000000000338e-03
7.668584999999999985e-01 9.624791000000000596e-03
7.802442000000000544e-01 9.634482999999999242e-03
7.705705999999999944e-01 9.635041000000000438e-03
7.554370000000000251e-01 9.650475000000000372e-03
7.590995000000000381e-01 9.635664000000000382e-03
7.873164999999999747e-01 9.630229000000000567e-03
7.795714000000000254e-01 9.710081000000000614e-03
7.466256000000000004e-01 9.889194000000000456e-03
6.264883999999999453e-01 1.009754000000000033e-02
7.880500000000000282e-01 9.769724999999999937e-03
7.395578999999999903e-01 9.945413000000000170e-03
6.560627999999999460e-01 1.015846999999999931e-02
6.318110999999999589e-01 1.013345000000000044e-02
5.349473000000000145e-01 1.045817999999999921e-02
1.665735000000000132e-01 1.243354999999999981e-02
4.414321000000000217e-02 1.400898000000000074e-02
1.734181999999999946e-01 1.256095999999999949e-02
1.360423000000000049e-01 1.280078999999999939e-02
1.570467999999999864e-01 1.232481000000000028e-02
8.008769999999999778e-02 1.314968000000000040e-02
1.129713999999999996e-01 1.300381999999999927e-02
9.078891000000000044e-02 1.310527000000000046e-02
4.011178000000000243e-01 1.159695999999999991e-02
1.102990999999999971e-01 1.306280999999999935e-02
1.300959999999999894e-01 1.299404000000000010e-02
1.555557999999999941e-01 1.277179999999999982e-02
3.513648999999999800e-01 1.139513999999999978e-02
5.364662000000000042e-01 1.063002000000000044e-02
2.613254999999999884e-01 1.174376000000000066e-02
4.554811000000000276e-01 1.092523999999999926e-02
3.085769999999999902e-01 1.155280000000000022e-02
1.679865000000000108e-01 1.278947000000000070e-02
1.234554999999999958e-01 1.316528999999999963e-02
1.585838999999999999e-01 1.297678000000000026e-02
1.018789999999999973e-01 1.339547999999999954e-02
1.866562999999999972e-01 1.563418000000000099e-02
1.792408000000000057e-01 1.554146999999999994e-02
1.719364999999999921e-01 1.438854000000000001e-02
2.849058999999999897e-01 1.439716000000000086e-02
4.491245999999999849e-01 1.379260000000000035e-02
6.847455999999999543e-01 1.296892000000000010e-02
3.526015000000000121e-01 1.437581999999999922e-02
3.552633000000000041e-01 1.463834999999999963e-02
6.393546999999999425e-02 1.583162000000000111e-02
1.078284000000000048e-01 1.583398999999999918e-02
2.611078000000000010e-01 1.547541000000000021e-02
1.107058999999999960e-01 1.617245000000000141e-02
2.323651999999999940e-01 1.617609999999999881e-02
-4.051891999999999647e-03 1.822125999999999954e-02
1.492700999999999889e-01 1.664734000000000005e-02
8.717542000000000346e-02 1.718828999999999843e-02
1.346288999999999958e-01 1.636610999999999969e-02
5.675444000000000322e-02 1.694154000000000146e-02
1.101682999999999968e-01 1.639668000000000028e-02
7.615555000000000241e-02 1.705736000000000058e-02
6.828695999999999378e-02 1.744671999999999890e-02
2.902541000000000149e-01 1.706155000000000171e-02
2.397484999999999894e-02 1.791958999999999913e-02
7.932346999999999315e-02 1.923746999999999957e-02
1.054927999999999977e-01 1.769522999999999929e-02
1.118837000000000026e-01 1.814094000000000123e-02
6.662700000000000566e-02 1.887942999999999913e-02
1.637830999999999870e-01 1.579469999999999832e-02
2.273492000000000013e-01 1.475217000000000021e-02
3.196841999999999739e-01 1.474554999999999963e-02
3.589790999999999954e-01 1.555811999999999994e-02
4.083293000000000061e-01 1.465596000000000086e-02
3.265383000000000036e-01 1.515848000000000022e-02
2.968583000000000194e-01 1.541593999999999950e-02
2.664827000000000168e-01 1.510965000000000051e-02
1.586674999999999891e-01 1.569150000000000059e-02
1.901451000000000113e-01 1.563521999999999829e-02
6.519557000000000269e-01 1.336004000000000011e-02
7.555731999999999449e-01 1.306070999999999968e-02
7.240933000000000508e-01 1.324350000000000006e-02
1.001316000000000095e+00 1.209977999999999922e-02
8.273504000000000413e-01 1.261617999999999941e-02
8.722857000000000527e-01 1.265582999999999986e-02
6.665421999999999736e-01 1.341909999999999978e-02
3.791116999999999959e-01 1.479276000000000028e-02
9.695470000000000477e-02 1.699118999999999977e-02
7.821831000000000200e-01 1.317136999999999995e-02
2.054567999999999950e-01 1.700093000000000090e-02
1.286569999999999936e-01 1.654687999999999992e-02
3.713816000000000339e-02 1.716501000000000138e-02
1.656605999999999912e-01 1.625164999999999943e-02
1.896584000000000048e-01 1.654972000000000040e-02
1.563178000000000067e-01 1.615248999999999852e-02
1.020998000000000044e-01 1.738920000000000049e-02
1.870856999999999937e-01 1.592905999999999836e-02
9.632066999999999712e-02 1.632950999999999847e-02
2.171827999999999953e-02 1.693516000000000118e-02
1.088562000000000002e-01 1.682461000000000026e-02
1.064044999999999991e-01 1.643402999999999878e-02
1.449419999999999875e-01 1.620947000000000013e-02
7.198615999999999349e-02 1.655250999999999945e-02
4.625946999999999698e-02 1.655621999999999996e-02
1.130271000000000053e-01 1.642833000000000140e-02
1.585716000000000070e-01 1.692911999999999889e-02
2.517944999999999767e-01 1.615911999999999904e-02
5.896036999999999528e-01 1.384618999999999954e-02
5.586358999999999631e-01 1.355498999999999940e-02
6.314910000000000245e-01 1.346417999999999920e-02
6.878892000000000340e-02 1.626802000000000109e-02
1.878506000000000065e-01 1.565590000000000037e-02
7.156143000000000365e-01 1.319749999999999916e-02
3.712129000000000123e-01 1.590501999999999888e-02
5.519300999999999791e-01 1.569026999999999922e-02
1.488189000000000040e-01 1.568243999999999888e-02
1.401473000000000024e-01 1.602204000000000128e-02
2.034613999999999867e-01 1.589872999999999981e-02
7.685239000000000653e-02 1.685895000000000102e-02
6.037851000000000329e-02 1.695340000000000041e-02
1.611180000000000112e-01 1.588238000000000150e-02
3.049018000000000006e-01 1.633760000000000073e-02
5.284573000000000048e-02 1.698155000000000150e-02
5.986852000000000146e-02 1.768950000000000036e-02
5.783020999999999995e-02 1.648633000000000043e-02
1.402458000000000038e-01 1.637769999999999851e-02
5.568184999999999801e-02 1.696434999999999957e-02
4.281842000000000287e-02 1.719156000000000156e-02
3.254984000000000210e-01 1.546302999999999914e-02
5.417838999999999988e-02 1.709505000000000052e-02
1.119390999999999997e-01 1.698913000000000159e-02
4.697268000000000276e-02 1.681610000000000049e-02
2.263605999999999951e-01 1.567406000000000008e-02
8.387142000000000208e-02 1.699975000000000097e-02
7.120360000000000578e-02 1.650744000000000170e-02
6.838811000000000195e-01 1.374637000000000081e-02
2.087695999999999996e-01 1.533329999999999936e-02
1.428335000000000021e-01 1.588134999999999894e-02
4.203030999999999850e-01 1.448902000000000002e-02
2.759252999999999845e-01 1.497797000000000017e-02
4.438109000000000082e-01 1.444677999999999934e-02
4.221013000000000126e-01 1.440948000000000055e-02
1.532604999999999940e-01 1.546167000000000027e-02
1.343822000000000072e-01 1.546167000000000027e-02
5.820051000000000530e-01 1.379703000000000006e-02
1.010529000000000011e-01 1.608269999999999839e-02
3.746878000000000153e-01 1.513838999999999983e-02
4.219885999999999915e-01 1.432348999999999949e-02
3.293641999999999959e-01 1.481002000000000013e-02
2.747981999999999925e-01 1.515145000000000033e-02
4.602364999999999928e-01 1.429882000000000028e-02
6.979923999999999573e-01 1.330250000000000009e-02
3.692733000000000265e-01 1.461573000000000039e-02
4.880090000000000261e-01 1.409502999999999971e-02
5.402455999999999925e-01 1.396202000000000033e-02
3.123394999999999921e-01 1.482116999999999983e-02
2.813550000000000217e-01 1.463561000000000029e-02
2.773412000000000099e-01 1.463889999999999983e-02
9.303228999999999527e-01 1.251926000000000080e-02
1.025560999999999945e+00 1.209947999999999926e-02
1.041096999999999939e+00 1.194744000000000014e-02
1.046985999999999972e+00 1.208002000000000034e-02
8.740278000000000214e-01 1.247644000000000010e-02
7.480521999999999450e-01 1.281510999999999935e-02
5.794504999999999795e-01 1.343199999999999950e-02
1.055892000000000053e+00 1.186885000000000023e-02
1.096219000000000054e+00 1.190770000000000023e-02
1.089655999999999958e+00 1.189618999999999920e-02
1.100857999999999892e+00 1.182239000000000033e-02
1.091510999999999898e+00 1.181862000000000017e-02
1.092432000000000070e+00 1.179449999999999943e-02
1.078807000000000071e+00 1.182733000000000048e-02
1.056133999999999906e+00 1.178219999999999962e-02
1.118843999999999950e+00 1.181033000000000083e-02
1.115181999999999896e+00 1.182972000000000017e-02
1.082675000000000054e+00 1.183644000000000016e-02
1.112616000000000049e+00 1.182438000000000065e-02
1.087531999999999943e+00 1.186327000000000041e-02
1.070640999999999954e+00 1.189272000000000072e-02
1.102676999999999907e+00 1.186784999999999923e-02
1.116473000000000049e+00 1.188138000000000041e-02
1.105509000000000075e+00 1.186168999999999939e-02
1.109950999999999910e+00 1.186663999999999948e-02
1.120659000000000072e+00 1.187840000000000076e-02
1.110414999999999930e+00 1.184202999999999992e-02
1.082154999999999978e+00 1.185659000000000018e-02
1.103674000000000044e+00 1.192416999999999956e-02
1.118179999999999952e+00 1.188209999999999961e-02
1.146549000000000040e+00 1.190270000000000043e-02
1.120317999999999925e+00 1.192351000000000001e-02